18 1 3 12 13 12 19 2 2 14 10 2 1 20 1 2 1 10 2 4
20 6 2 2 4 10 2 5 20 5 2 5 10 2 6 4 2 2 21 9
4 6 5 2 3 1 9 4 2 2 6 20 5 6 20 5 2 6 10 2
18 1 3 12 13 12 19 14 10 2 1 20 1 2 1 10 2 4 20 6
2 2 4 10 2 5 20 5 2 5 10 2 6 10 2 2 4 1 2 1
3 12 9 12 2 4 10 2 6 10 2 2 21 5 10 2 5 20 5 2
5 10 2 11 11 2 1 20 4 2 2 6 10 2 6 20 6 2 6 5
6 4 2 2 9 4 2 9 1 12 3 12 2 1 10 2 9 10 2 2
21 6 12 5 12 6 12 4 12 2 9 12 1 12 3 12 13 12 2 14
1 4 5 2 2 6 10 2 6 20 6 2 6 10 2 1 4 2 2 4
5 4 1 2 9 6 9 3 2 1 3 12 13 12 2 14 3 2 1 10
2 9 10 2 2 4 1 3 9 2 4 1 9 6 2 2 5 10 2 5
9 2 4 1 9 6 2 2 5 10 2 5 20 5 2 5 10 2 11